2187
2187
2187
2187
2187
2187
2187
2187
2187
2187
2187
2187
2187
2187
2187
2187
2187
2187
2187
2187
2187
2187
2187
2187
2187
2187
2187
2187
2187
2187
2187
2187
2187
2187
2187
2187
2187
2187
2187
2187
2187
2187
2187
2187
2187
2187
2187
2187
2187
2187
2187
2187
2187
2187
2187
2187
2187
2187
2187
2187
2187
2187
2187
2187
2187
2187
2187
2187
2187
2187
2187
2187
2187
2187
2187
2187
2187
2187
2187
2187
2187
2187
2187
2187
2187
2187
2187
2187
2187
2187
2187
2187
2187
2187
2187
2187
2187
2187
2187
2187
2187
2187
2187
2187
2187
2187
2187
2187
2187
2187
2187
2187
2187
2187
2187
2187
2187
2187
2187
2187
2187
2187
2187
2187
2187
2187
2187
2187
2187
2187
2187
2187
2187
2187
2187
2187
2187
2187
2187
2187
2187
2187
2187
2187
2187
2187
2187
2187
2187
2187
2187
2187
2187
2187
2187
2187
2187
2187
2187
2187
2187
2187
2187
2187
2187
2187
2187
2187
2187
2187
2187
2187
2187
2187
2187
2187
2187
2187
2187
2187
2187
2187
2187
2187
2187
2187
2187
2187
2187
2187
2187
2187
2187
2187
2187
2187
2187
2187
2187
2187
2187
2187
2187
2187
2187
2187
2187
2187
2187
2187
2187
2187
2187
2187
2187
2187
2187
2187
2187
2187
2187
2187
2187
2187
2187
2187
2187
2187
2187
2187
2187
2187
2187
2187
2187
2187
2187
2187
2187
2187
2187
2187
2187
2187
2187
2187
2187
2187
2187
2187
2187
2187
2187
2187
2187
2187
2187
2187
2187
2187
2187
2187
2187
2187
2187
2187
2187
2187
2187
2187
2187
2187
2187
2187
2187
2187
2187
2187
2187
2187
2187
2187
2187
2187
2187
2187
2186
2186
2186
2186
2186
2186
2185
2185
2185
2184
2184
2183
2182
2180
2179
2176
2172
2169
2165
2160
2156
2150
2145
2139
2132
2124
2116
2107
2098
2087
2076
2064
2050
2036
2021
2005
1988
1970
1951
1931
1910
1888
1865
1842
1817
1791
1765
1737
1709
1680
1651
1621
1590
1558
1527
1494
1462
1429
1395
1362
1328
1295
1261
1228
1195
1162
1129
1096
1064
1033
1001
971
941
912
883
856
829
803
778
754
730
708
687
667
648
629
612
596
581
567
554
542
531
521
512
504
497
491
485
480
476
472
469
467
465
464
463
462
462
462
462
462
463
464
465
467
470
472
474
477
479
481
483
485
487
489
491
493
495
496
498
500
502
503
505
507
508
510
512
513
514
516
517
519
520
521
523
524
526
527
528
530
531
533
534
535
537
538
539
540
542
543
544
545
546
548
549
550
551
552
553
554
555
556
558
560
563
566
570
574
578
582
587
592
597
603
610
617
625
633
642
652
663
674
686
700
713
728
744
761
779
797
817
837
858
881
904
928
952
978
1004
1031
1058
1086
1115
1144
1174
1204
1235
1265
1296
1327
1359
1390
1421
1452
1483
1514
1545
1575
1605
1635
1664
1693
1721
1748
1775
1801
1826
1851
1875
1898
1920
1941
1961
1980
1999
2016
2032
2048
2062
2076
2089
2101
2111
2121
2131
2139
2147
2153
2160
2165
2170
2174
2178
2181
2184
2187
2189
2191
2193
2194
2196
2197
2198
2198
2198
2197
2196
2196
2195
2194
2194
2193
2193
2193
2192
2192
2192
2191
2191
2191
2191
2191
2191
2191
2191
2191
2191
2191
2191
2191
2191
2191
2191
2191
2191
2191
2191
2191
2191
2191
2191
2192
2192
2192
2192
2192
2192
2192
2192
2192
2192
2192
2192
2192
2192
2192
2192
2192
2192
2192
2192
2192
2192
2192
2192
2192
2192
2192
2192
2192
2192
2192
2192
2192
2192
2192
2192
2192
2192
2192
2192
2192
2192
2192
2192
2192
2192
2192
2192
2192
2192
2192
2192
2192
2191
2191
2191
2191
2191
2191
2191
2191
2191
2191
2191
2191
2191
2191
2191
2191
2191
2191
2191
2191
2191
2191
2191
2191
2191
2191
2191
2191
2191
2191
2191
2191
2191
2191
2191
2191
2191
2190
2190
2190
2190
2190
2190
2189
2189
2189
2188
2188
2187
2186
2185
2183
2180
2177
2173
2169
2165
2161
2156
2150
2144
2137
2130
2122
2113
2104
2093
2082
2070
2057
2043
2028
2012
1995
1977
1958
1938
1918
1896
1874
1850
1825
1800
1774
1747
1719
1690
1661
1631
1600
1569
1538
1506
1473
1441
1408
1375
1341
1308
1275
1242
1209
1177
1144
1112
1081
1049
1019
989
959
931
903
876
849
824
799
776
753
731
710
690
672
654
637
622
607
593
580
569
558
548
539
531
523
517
511
506
501
497
494
491
489
487
485
484
482
481
481
480
479
479
479
479
480
481
482
482
483
483
484
484
484
483
483
483
482
482
481
481
480
479
478
477
477
476
475
474
473
471
470
469
467
466
465
464
462
461
460
459
457
456
455
454
453
451
450
449
448
447
446
445
444
443
442
441
440
439
438
437
436
435
435
434
433
433
432
431
431
430
430
429
429
429
428
428
428
428
428
428
428
428
428
428
428
428
429
429
429
430
430
431
431
432
432
433
434
434
435
436
437
437
438
439
440
441
442
444
446
449
453
457
461
465
470
475
481
487
493
501
508
517
526
536
547
559
571
585
599
615
631
648
666
685
705
726
748
771
795
820
846
873
900
928
957
987
1017
1048
1080
1112
1144
1177
1210
1244
1277
1311
1345
1378
1412
1445
1479
1512
1544
1577
1609
1640
1671
1701
1731
1759
1787
1815
1841
1867
1891
1915
1938
1959
1980
2000
2018
2036
2052
2068
2082
2096
2109
2120
2131
2140
2149
2157
2164
2171
2176
2181
2185
2189
2192
2195
2197
2199
2201
2202
2203
2205
2205
2206
2206
2205
2204
2203
2202
2201
2200
2199
2198
2197
2196
2196
2195
2195
2194
2194
2193
2193
2193
2192
2192
2192
2192
2192
2192
2192
2192
2192
2192
2192
2192
2192
2192
2192
2192
2192
2192
2192
2192
2192
2192
2192
2192
2193
2193
2193
2193
2193
2193
2193
2193
2193
2193
2193
2193
2193
2193
2193
2193
2193
2193
2193
2193
2193
2193
2193
2193
2193
2193
2193
2193
2193
2193
2193
2193
2193
2193
2193
2193
2193
2193
2193
2193
2193
2193
2193
2193
2193
2193
2193
2193
2193
2192
2192
2192
2192
2192
2192
2192
2192
2192
2192
2192
2192
2192
2192
2192
2192
2192
2192
2192
2192
2192
2192
2192
2192
2192
2192
2192
2192
2192
2192
2192
2192
2192
2192
2192
2192
2192
2192
2192
2192
2191
2191
2191
2191
2190
2190
2189
2188
2187
2186
2185
2183
2181
2178
2175
2172
2168
2164
2159
2154
2148
2142
2135
2127
2119
2110
2100
2090
2078
2066
2053
2039
2024
2008
1992
1975
1956
1937
1917
1895
1873
1850
1826
1802
1776
1750
1723
1695
1667
1638
1608
1578
1548
1517
1486
1454
1423
1391
1359
1328
1296
1264
1233
1201
1170
1140
1110
1080
1051
1022
994
967
940
915
890
865
842
820
798
777
758
739
722
705
689
674
661
648
636
625
615
606
598
591
584
578
573
569
565
562
559
557
556
554
554
553
553
553
553
554
554
555
556
558
560
561
563
564
566
567
569
570
572
573
574
575
576
577
578
578
579
580
580
581
581
581
581
581
581
580
580
580
580
579
579
579
578
578
577
577
576
575
574
574
573
572
571
570
569
568
567
566
565
563
562
561
560
558
557
555
554
553
551
550
548
547
545
544
542
540
539
537
536
534
532
531
529
528
526
524
523
521
520
519
518
519
519
520
522
524
526
528
531
534
538
543
548
554
560
568
576
585
595
606
618
630
644
659
675
692
710
729
749
770
792
814
838
863
889
916
943
971
1000
1030
1060
1091
1123
1154
1187
1219
1252
1285
1319
1352
1386
1419
1452
1485
1518
1550
1582
1614
1645
1676
1706
1735
1764
1792
1819
1845
1870
1895
1918
1941
1962
1983
2002
2021
2038
2055
2070
2085
2098
2111
2122
2133
2142
2151
2159
2166
2172
2178
2183
2187
2191
2194
2197
2199
2201
2203
2204
2206
2207
2208
2208
2207
2206
2205
2204
2203
2202
2201
2200
2200
2199
2198
2198
2197
2196
2196
2196
2195
2195
2195
2194
2194
2194
2194
2194
2193
2193
2193
2193
2193
2193
2193
2193
2193
2193
2193
2193
2193
2193
2193
2193
2193
2193
2193
2193
2193
2193
2193
2193
2193
2193
2193
2193
2193
2193
2193
2193
2193
2193
2193
2193
2193
2193
2193
2193
2193
2193
2193
2193
2193
2193
2193
2193
2193
2193
2193
2193
2193
2193
2193
2193
2193
2193
2193
2193
2193
2193
2193
2193
2193
2193
2193
2193
2193
2193
2193
2193
2193
2193
2193
2193
2193
2193
2193
2193
2193
2193
2193
2193
2193
2193
2193
2193
2193
2193
2193
2193
2193
2193
2193
2193
2193
2193
2193
2193
2193
2193
2193
2193
2193
2193
2193
2193
2193
2193
2193
2193
2193
2193
2193
2193
2193
2193
2193
2192
2192
2192
2192
2192
2192
2192
2192
2192
2192
2192
2192
2192
2192
2192
2192
2192
2192
2192
2192
2192
2192
2192
2192
2192
2192
2192
2192
2192
2192
2192
2192
2192
2192
2192
2192
2192
2192
2192
2192
2192
2192
2192
2192
2192
2192
2192
2192
2192
2192
2192
2191
2191
2191
2191
2191
2191
2191
2191
2191
2191
2191
2191
2191
2191
2191
2191
2191
2191
2191
2191
2191
2191
2191
2191
2191
2191
2191
2191
2191
2191
2191
2191
2191
2191
2191
2191
2191
2191
2191
2191
2191
2191
2191
2191
2191
2191
2191
2191
2191
2191
2191
2191
2191
2191
2191
2191
2191
2191
2191
2191
2191
2191
2191
2191
2191
2191
2191
2191
2191
2191
2191
2190
2190
2190
2190
2190
2190
2190
2190
2190
2190
2190
2190
2190
2190
2190
2190
2190
2190
2190
2190
2190
2190
2190
2190
2190
2190
2190
2190
2190
2190
2190
2190
2190
2190
2190
2190
2190
2190
2190
2190
2190
2190
2190
2190
2190
2190
2190
2190
2190
2190
2190
2190
2190
2190
2190
2190
2190
2190
2190
2190
2190
2190
2190
2190
2190
2190
2190
2190
2190
2190
2190
2190
2189
2189
2189
2189
2189
2189
2189
2189
2189
2189
2189
2189
2189
2189
2189
2189
2189
2189
2189
2189
2189
2189
2189
2189
2189
2189
2189
2189
2189
2189
2189
2189
2189
2189
2189
2189
2188
2188
2188
2188
2188
2188
2188
2188
2188
2188
2188
2188
2188
2188
2188
2188
2188
2188
2188
2188
2188
2188
2188
2188
2188
2188
2188
2188
2188
2188
2188
2188
2188
2187
2187
2187
2187
2187
2187
2187
2187
2187
2187
2187
2187
2187
2187
2187
2187
2187
2187
2187
2187
2187
2187
2187
2187
2187
2187
2187
2187
2187
2187
2187
2187
2187
2187
2187
2187
2187
2187
2187
2187
2187
2187
2187
2187
2187
2187
2187
2187
2187
2187
2187
2187
2187
2187
2187
2187
2187
2187
2187
2187
2187
2187
2187
2187
2187
2187
2187
2187
2187
2187
2187
2187
2187
2187
2187
2187
2187
2187
2187
2187
2187
2187
2187
2187
2187
2187
2187
2187
2187
2187
2187
2187
2187
2187
2187
2187
2187
2187
2187
2187
2187
2187
2187
2187
2187
2187
2187
2187
2187
2187
2187
2187
2187
2187
2187
2187
2186
2186
2186
2186
2186
2186
2186
2186
2186
2186
2186
2186
2186
2186
2186
2186
2186
2186
2186
2186
2186
2186
2187
2187
2187
2187
2187
2187
2187
2187
2187
2187
2187
2187
2187
2187
2187
2187
2187
2187
2187
2187
2187
2187
2187
2187
2187
2187
2187
2187
2187
2187
2187
2187
2187
2187
2187
2187
2187
2187
2187
2187
2187
2187
2187
2187
2187
2187
2187
2187
2187
2187
2187
2187
2187
2187
2187
2187
2187
2187
2187
2187
2187
2187
2187
2187
2187
2187
2187
2187
2187
2187
2187
2187
2187
2187
2187
2187
2187
2187
2187
2187
2187
2187
2187
2187
2187
2187
2187
2187
2187
2187
2187
2187
2187
2187
2187
2187
2187
2187
2187
2187
2187
2187
2187
2187
2187
2187
2187
2187
2187
2187
2187
2187
2187
2187
2187
2187
2187
2187
2187
2187
2187
2187
2187
2187
2187
2187
2187
2187
2187
2187
2187
2187
2187
2187
2187
2187
2187
2187
2187
2187
2187
2187
2187
2187
2187
2187
2187
2187
2187
2187
2187
2187
2187
2187
2187
2187
2187
2187
2187
2187
2187
2187
2187
2187
2187
2187
2187
2187
2187
2187
2187
2187
2187
2187
2187
2187
2187
2187
2187
2187
2187
2187
2187
2187
2187
2187
2187
2187
2187
2187
2187
2187
2187
2187
2187
2187
2187
2187
2187
2187
2187
2187
2187
2187
2187
2187
2187
2187
2187
2187
2187
2187
2187
2187
2187
2187
2187
2187
2187
2187
2187
2187
2187
2187
2187
2187
2187
2187
2187
2187
2187
2187
2187
2187
2187
2187
2187
2187
2187
2187
2187
2187
2187
2187
2187
2187
2187
2187
2187
2187
2187
2187
2187
2187
2187
2187
2187
2187
2187
2187
2187
2187
2187
2187
2187
2187
2186
2186
2186
2186
2186
2185
2185
2185
2184
2183
2183
2182
2181
2179
2177
2175
2172
2168
2164
2159
2154
2149
2143
2137
2130
2123
2114
2105
2096
2085
2074
2061
2048
2034
2019
2002
1985
1967
1948
1928
1907
1885
1862
1838
1813
1788
1761
1733
1705
1676
1646
1616
1585
1553
1521
1488
1455
1422
1388
1354
1320
1286
1252
1218
1184
1150
1116
1083
1050
1017
985
953
922
892
862
833
804
777
750
725
700
676
653
631
610
590
571
553
536
520
505
490
477
465
454
443
434
425
417
410
404
398
393
388
384
380
377
375
372
370
368
367
365
364
363
363
363
364
364
365
365
366
366
367
367
367
368
368
368
369
369
369
370
370
370
371
371
371
371
372
372
372
373
373
373
374
374
375
375
375
376
376
377
377
378
378
379
379
380
381
381
382
382
383
384
384
385
386
386
387
387
388
389
389
390
391
392
392
393
394
394
395
396
396
397
398
398
399
400
401
401
402
403
405
407
410
413
416
420
424
429
434
439
445
452
459
466
475
484
494
504
516
528
542
556
572
588
606
624
643
664
686
708
731
756
781
807
834
862
891
921
951
982
1014
1047
1079
1113
1147
1181
1215
1250
1284
1319
1354
1389
1423
1458
1492
1526
1559
1592
1625
1656
1688
1718
1748
1777
1805
1833
1859
1885
1909
1933
1955
1977
1997
2016
2035
2052
2068
2083
2097
2110
2122
2133
2143
2152
2160
2167
2174
2180
2185
2189
2193
2196
2199
2201
2203
2205
2206
2207
2208
2208
2208
2208
2207
2206
2205
2204
2202
2201
2200
2199
2198
2197
2196
2195
2194
2193
2193
2192
2192
2191
2191
2191
2190
2190
2190
2190
2189
2189
2189
2189
2189
2189
2189
2189
2189
2189
2189
2189
2190
2190
2190
2190
2190
2190
2190
2190
2190
2190
2190
2190
2190
2190
2190
2190
2190
2190
2190
2190
2190
2190
2190
2190
2190
2190
2190
2190
2190
2190
